1316	
1338	
1342	
1402	
1436	
1474	
1514	
1526	
1532	
1533	
1536	
1560	
1586	
1589	
1595	
1599	
1609	
1727	
1781	
1786	
1815	
1909	
2012	
2034	
2061	
2063	
2065	
2066	
2104	
2201	
2208	
2228	
2230	
2231	
2236	
2250	
2338	
2368	
2383	
2427	
2436	
2439	
2442	
2461	
2462	
2464	
2476	
2486	
2497	
2548	
2610	
2641	
2727	
2732	
2756	
2887	
2905	
2906	
3006	
3013	
3016	
3023	
3033	
3088	
3092	
3122	
3128	
3138	
3141	
3207	
3209	
3257	
3268	
3272	
3290	
3303	
3305	
3310	
3312	
3313	
3322	
3323	
3324	
3346	
3357	
3362	
3376	
3388	
3413	
3416	
3465	
3479	
3483	
3484	
3491	
3516	
3518	
3522	
3526	
3548	
3564	
3583	
3587	
3591	
3605	
3625	
3645	
3663	
3680	
3687	
3689	
3691	
3701	
3702	
3707	
3708	
3713	
4123	
4137	
4148	
4155	
4164	
4168	
4175	
4190	
4416	
4438	
4538	
4540	
4542	
4549	
4555	
4564	
4566	
4572	
4580	
4739	
4744	
4747	
4906	
4916	
4968	
4971	
5009	
5011	
5209	
5212	
5213	
5225	
5230	
5244	
5245	
5263	
5284	
5288	
5306	
5309	
5321	
5351	
5388	
5434	
5450	
5457	
5543	
5608	
5871	
5905	
6015	
6104	
6111	
6117	
6125	
6126	
6134	
6139	
6150	
6156	
6179	
6182	
6184	
6187	
6189	
6190	
6196	
6197	
6243	
6269	
6274	
6275	
6279	
6282	
6284	
6288	
6290	
6414	
6425	
6432	
6438	
6442	
6469	
6472	
6477	
6509	
6515	
6546	
6547	
6552	
6584	
6585	
6591	
6593	
6603	
6613	
6616	
6624	
6629	
6641	
6645	
6654	
6664	
6668	
6670	
6680	
6706	
6715	
6753	
6761	
6768	
6796	
6804	
6806	
6823	
6830	
6835	
6840	
6863	
6870	
6873	
6874	
8027	
8050	
8091	
8092	
8104	
8112	
8147	
8171	
8210	
8255	
8299	
8349	
8367	
8374	
8411	
8422	
8433	
8442	
8462	
8466	
8467	
8473	
8478	
8488	
8927	
8938	
8996	
9802	
9921	
9933	
9935	
9939	
9941	
9958	
